function q13
	M = [1/3, 0, 0; 1/3, 0, 0; 1/3, 1, 0];
	T = [1/2, 1/2, 1/2; 1/2, 1/2, 1/2; 0, 0, 0];
	B = 0.8;

	B * M + (1 - B) * T
end;
